scan_id: main_v3
id: '20240915_181607'
name: null
description: null
metadata:
  n_processes: 1
constants:
  device_count: 1
  seed: 0
  tau: 1.909859317102744
  I0: 1.25
  eps: 1.0e-06
  Nout: 20
  w_scale: 0.5
  T: 2.0
  K: 300
  dt: 0.001
  gamma: 0.01
  Nbatch: 1000
  tau_lr: 100.0
  beta1: 0.9
  beta2: 0.999
  p_flip: 0.0
  Nepochs: 100
  Ntrain: null
  Nin: 700
  Kin: 80
  Nsamples: 3
variables:
- Nhidden
- Nlayer
- lr
started_at: 2024-09-15_18-16-07_719188
finished_at: 2024-09-15_20-28-57_242407
duration: 7969.523235797882
