scan_id: main_v3
id: '20240915_181016'
name: null
description: null
metadata:
  n_processes: 1
constants:
  device_count: 1
  seed: 0
  tau: 1.909859317102744
  I0: 1.25
  eps: 1.0e-06
  Nhidden: 100
  Nlayer: 2
  Nout: 20
  w_scale: 0.5
  T: 2.0
  K: 300
  dt: 0.001
  gamma: 0.01
  Nbatch: 1000
  lr: 0.004
  tau_lr: 100.0
  beta1: 0.9
  beta2: 0.999
  p_flip: 0.0
  Nepochs: 40
  Ntrain: null
  Nin: 700
  Kin: 80
  Nsamples: 3
variables: []
started_at: 2024-09-15_18-10-16_800220
finished_at: 2024-09-15_18-13-52_823139
duration: 216.0229377746582
