scan_id: main_v2
id: '20240914_223231'
name: null
description: null
metadata:
  n_processes: 1
constants:
  device_count: 1
  seed: 0
  tau: 1.909859317102744
  I0: 1.25
  eps: 1.0e-06
  Nout: 20
  w_scale: 0.5
  T: 2.0
  K: 300
  dt: 0.001
  gamma: 0.01
  lr: 0.004
  tau_lr: 100.0
  beta1: 0.9
  beta2: 0.999
  p_flip: 0.0
  Nepochs: 20
  Ntrain: null
  Nin: 700
  Nsamples: 3
variables:
- Nin_virtual
- Nhidden
- Nlayer
- Nbatch
started_at: 2024-09-14_22-32-31_196193
finished_at: 2024-09-15_01-56-39_068691
duration: 12247.872512817383
